145,38
145,37
145,36
145,35
123,4
123,1
123,3
3,2
3,1
3,3
10,175
138,3
138,2
10,193
138,1
10,259
10,133
138,0
137,3
137,2
137,1
10,119
137,0
136,3
136,2
136,1
10,265
136,0
135,3
135,2
135,1
10,143
10,309
135,0
134,3
134,2
134,1
11,19
134,0
133,3
133,2
133,1
133,0
132,3
132,2
132,1
132,0
131,3
131,2
131,1
9,5
131,0
130,3
130,2
130,1
9,2
9,3
130,0
129,3
129,2
129,1
129,0
128,3
128,2
128,1
8,7
128,0
127,3
127,2
127,1
8,16
127,0
126,3
126,2
126,1
8,14
126,0
125,3
125,2
125,1
8,5
125,0
124,3
124,2
124,1
8,13
124,0
123,2
8,2
8,3
123,0
103,3
103,1
102,3
102,1
97,3
97,1
96,3
96,1
95,3
95,1
94,3
94,1
93,3
93,1
20,3
20,2
20,1
19,2
19,3
19,1
12,3
12,2
12,1
11,29
11,28
11,27
11,26
11,24
11,23
11,21
11,17
11,15
11,13
11,11
